100, 10000
342, 339.000
1514, 1629.000
696, 697.000
1433, 1299.000
1762, 1613.000
40, 36.000
1635, 1737.000
442, 473.000
1899, 1859.000
1960, 2055.000
378, 362.000
1177, 1104.000
1970, 1880.000
1434, 1349.000
1691, 1545.000
139, 132.000
371, 341.000
1350, 1430.000
1775, 1878.000
1980, 1870.000
1651, 1536.000
814, 818.000
282, 289.000
1573, 1690.000
1587, 1437.000
302, 310.000
56, 53.000
726, 720.000
1820, 1707.000
269, 258.000
1680, 1842.000
842, 757.000
1730, 1642.000
1243, 1149.000
1794, 1970.000
775, 749.000
1810, 1904.000
3, 2.000
970, 967.000
1261, 1310.000
997, 1004.000
1192, 1295.000
1036, 1056.000
52, 51.000
1453, 1320.000
1673, 1580.000
440, 480.000
624, 604.000
1813, 1766.000
1326, 1198.000
1637, 1762.000
1902, 2046.000
323, 315.000
746, 714.000
471, 434.000
1366, 1461.000
1511, 1652.000
1785, 1876.000
1002, 906.000
1560, 1483.000
1403, 1355.000
513, 510.000
1958, 2114.000
1505, 1479.000
1538, 1618.000
1378, 1472.000
315, 310.000
1493, 1478.000
1066, 970.000
40, 43.000
1172, 1231.000
1972, 1792.000
956, 870.000
1541, 1484.000
1014, 1049.000
55, 56.000
793, 814.000
985, 978.000
1311, 1215.000
737, 720.000
204, 210.000
492, 460.000
1961, 1798.000
1952, 1944.000
204, 208.000
1872, 1836.000
806, 882.000
234, 239.000
136, 141.000
49, 49.000
1363, 1352.000
883, 915.000
1259, 1318.000
70, 72.000
886, 937.000
1843, 1783.000
1319, 1253.000
1375, 1268.000
1234, 1144.000
818, 878.000