106, 106925262
45276, 45276.000
90552, 90552.000
181104, 181104.000
362208, 362208.000
724416, 724416.000
1448832, 1448832.000
2897664, 2897664.000
5795328, 5795328.000
11590656, 11590656.000
23181312, 23181312.000
46362624, 46362624.000
92725248, 92725248.000
70778, 70778.000
141556, 141556.000
283112, 283112.000
566224, 566224.000
1132448, 1132448.000
2264896, 2264896.000
4529792, 4529792.000
9059584, 9059584.000
18119168, 18119168.000
36238336, 36238336.000
72476672, 72476672.000
86911, 86911.000
173822, 173822.000
347644, 347644.000
695288, 695288.000
1390576, 1390576.000
2781152, 2781152.000
5562304, 5562304.000
11124608, 11124608.000
22249216, 22249216.000
44498432, 44498432.000
88996864, 88996864.000
92634, 92634.000
185268, 185268.000
370536, 370536.000
741072, 741072.000
1482144, 1482144.000
2964288, 2964288.000
5928576, 5928576.000
11857152, 11857152.000
23714304, 23714304.000
47428608, 47428608.000
94857216, 94857216.000
97839, 97839.000
195678, 195678.000
391356, 391356.000
782712, 782712.000
1565424, 1565424.000
3130848, 3130848.000
6261696, 6261696.000
12523392, 12523392.000
25046784, 25046784.000
50093568, 50093568.000
100187136, 100187136.000
125941, 125941.000
251882, 251882.000
503764, 503764.000
1007528, 1007528.000
2015056, 2015056.000
4030112, 4030112.000
8060224, 8060224.000
16120448, 16120448.000
32240896, 32240896.000
64481792, 64481792.000
134269, 134269.000
268538, 268538.000
537076, 537076.000
1074152, 1074152.000
2148304, 2148304.000
4296608, 4296608.000
8593216, 8593216.000
17186432, 17186432.000
34372864, 34372864.000
68745728, 68745728.000
141033, 141033.000
282066, 282066.000
564132, 564132.000
1128264, 1128264.000
2256528, 2256528.000
4513056, 4513056.000
9026112, 9026112.000
18052224, 18052224.000
36104448, 36104448.000
72208896, 72208896.000
147279, 147279.000
294558, 294558.000
589116, 589116.000
1178232, 1178232.000
2356464, 2356464.000
4712928, 4712928.000
9425856, 9425856.000
18851712, 18851712.000
37703424, 37703424.000
75406848, 75406848.000
153525, 153525.000
307050, 307050.000
614100, 614100.000
1228200, 1228200.000
2456400, 2456400.000
4912800, 4912800.000
9825600, 9825600.000
19651200, 19651200.000
39302400, 39302400.000
78604800, 78604800.000