100, 100000
90001, 90000.000
89751, 89750.000
10002, 10001.000
89501, 89500.000
10254, 10252.000
89251, 89250.000
10506, 10503.000
89001, 89000.000
10758, 10754.000
88751, 88750.000
11010, 11005.000
88501, 88500.000
11262, 11256.000
88251, 88250.000
11514, 11507.000
88001, 88000.000
11766, 11758.000
87751, 87750.000
12018, 12009.000
87501, 87500.000
12270, 12260.000
87251, 87250.000
12522, 12511.000
87001, 87000.000
12774, 12762.000
86751, 86750.000
13026, 13013.000
86501, 86500.000
13278, 13264.000
86251, 86250.000
13530, 13515.000
86001, 86000.000
13782, 13766.000
85751, 85750.000
14034, 14017.000
85501, 85500.000
14286, 14268.000
85251, 85250.000
14538, 14519.000
85001, 85000.000
14790, 14770.000
84751, 84750.000
15042, 15021.000
84501, 84500.000
15294, 15272.000
84251, 84250.000
15546, 15523.000
84001, 84000.000
15798, 15774.000
83751, 83750.000
16050, 16025.000
83501, 83500.000
16302, 16276.000
83251, 83250.000
16554, 16527.000
83001, 83000.000
16806, 16778.000
82751, 82750.000
17058, 17029.000
82501, 82500.000
17310, 17280.000
82251, 82250.000
17562, 17531.000
82001, 82000.000
17814, 17782.000
81751, 81750.000
18066, 18033.000
81501, 81500.000
18318, 18284.000
81251, 81250.000
18570, 18535.000
81001, 81000.000
18822, 18786.000
80751, 80750.000
19074, 19037.000
80501, 80500.000
19326, 19288.000
80251, 80250.000
19578, 19539.000
80001, 80000.000
19830, 19790.000
79751, 79750.000
20082, 20041.000
79501, 79500.000
20334, 20292.000
79251, 79250.000
20586, 20543.000
79001, 79000.000
20838, 20794.000
78751, 78750.000
21090, 21045.000
78501, 78500.000
21342, 21296.000
78251, 78250.000
21594, 21547.000
78001, 78000.000
21846, 21798.000
77751, 77750.000
22098, 22049.000
77501, 77500.000