1000, 100000
10483, 11264.000
3407, 3619.000
7509, 8178.000
14670, 14020.000
14975, 14436.000
13037, 12955.000
15504, 15258.000
5615, 5733.000
11176, 11573.000
3597, 3854.000
12375, 12351.000
14094, 14252.000
16415, 14893.000
8479, 7743.000
3336, 3235.000
16240, 17432.000
11200, 12031.000
18379, 19057.000
9036, 9910.000
6929, 6524.000
16528, 16201.000
11283, 12129.000
17879, 17895.000
5738, 6264.000
9120, 9223.000
2291, 2115.000
133, 140.000
5707, 5387.000
5449, 5469.000
19202, 19423.000
14077, 12708.000
13535, 12445.000
4015, 4039.000
17040, 17476.000
14447, 14556.000
4428, 4138.000
14111, 14709.000
12968, 13840.000
19095, 18602.000
16178, 17559.000
2962, 3181.000
4461, 4366.000
10553, 11277.000
7177, 7636.000
4138, 4496.000
10270, 10605.000
5829, 5754.000
1477, 1531.000
4370, 4301.000
11315, 10745.000
7922, 8288.000
9747, 8831.000
19968, 20397.000
11935, 12886.000
13860, 13644.000
9083, 9823.000
16948, 16368.000
17102, 16507.000
8839, 8456.000
6045, 6646.000
7992, 7541.000
12006, 11862.000
3923, 4094.000
17718, 18307.000
5567, 5058.000
6055, 6027.000
16104, 14515.000
17146, 18273.000
9063, 8405.000
15981, 14384.000
8369, 8622.000
19513, 19918.000
5753, 5685.000
19978, 21016.000
17091, 16395.000
5884, 6352.000
38, 38.000
2638, 2881.000
12412, 12467.000
5126, 4882.000
14217, 15580.000
13409, 13646.000
19334, 19153.000
16437, 16726.000
10633, 10088.000
17413, 15724.000
8851, 8905.000
5823, 5780.000
1013, 921.000
5430, 5257.000
15328, 16771.000
88, 84.000
9448, 9063.000
5515, 5522.000
12051, 11864.000
8712, 9134.000
8772, 9506.000
6420, 6421.000
10815, 9883.000
17495, 18961.000
3736, 4080.000
12571, 13077.000
13565, 14824.000
15011, 13782.000
19132, 20925.000
10213, 10517.000
10674, 11094.000
614, 663.000
15762, 16588.000
15632, 15303.000
5486, 5582.000
1266, 1268.000
12004, 10959.000
852, 914.000
16616, 16522.000
11574, 12721.000
5802, 5356.000
6980, 7068.000
8324, 8840.000
5912, 5479.000
8419, 8068.000
8236, 8010.000
18159, 17378.000
7386, 6726.000
920, 1007.000
9746, 8771.000
383, 365.000
17751, 19226.000
4670, 4595.000
7062, 6962.000
12789, 12902.000
15012, 14625.000
12466, 11328.000
2419, 2237.000
16412, 16307.000
17489, 16238.000
6556, 6923.000
4382, 4789.000
7785, 7427.000
18183, 19180.000
17710, 16913.000
13092, 12851.000
5178, 5285.000
3818, 3650.000
7716, 7638.000
10221, 9630.000
14137, 14215.000
13526, 12565.000
8516, 9011.000
16797, 15475.000
13784, 12491.000
9444, 10189.000
13885, 15038.000
9231, 9187.000
15925, 17232.000
8131, 7717.000
617, 604.000
2394, 2270.000
11957, 11363.000
7680, 7923.000
16620, 17028.000
13294, 14418.000
7401, 6735.000
16065, 17592.000
12020, 11624.000
405, 366.000
558, 558.000
6147, 6398.000
15129, 13816.000
11220, 11737.000
10278, 10027.000
6145, 6067.000
16732, 18156.000
1833, 1704.000
2882, 2780.000
15150, 16093.000
16841, 16292.000
19180, 18073.000
14329, 14625.000
5591, 5524.000
2262, 2174.000
1456, 1509.000
10479, 10701.000
16547, 15543.000
16932, 16212.000
640, 663.000
4689, 4820.000
4628, 4469.000
13531, 13251.000
9892, 9782.000
3637, 3376.000
13446, 14537.000
6127, 6393.000
19387, 18091.000
924, 1007.000
4973, 4719.000
2623, 2731.000
8001, 7361.000
18450, 18781.000
8216, 7485.000
10194, 9681.000
136, 129.000
7402, 7447.000
15186, 14375.000
14138, 14861.000
19040, 18704.000
2307, 2223.000
1949, 1925.000
3346, 3543.000
12688, 12981.000
231, 253.000
8855, 9354.000
18338, 17008.000
6300, 6065.000
11561, 12008.000
6550, 6213.000
4567, 4830.000
5279, 4938.000
17412, 17459.000
15693, 16362.000
14733, 14750.000
11952, 12605.000
11616, 11942.000
4295, 4622.000
5927, 6006.000
6655, 6941.000
17646, 17838.000
16040, 16131.000
7186, 6518.000
4758, 4877.000
10888, 11131.000
2577, 2421.000
584, 595.000
6105, 6092.000
17908, 18411.000
16219, 16526.000
13224, 12241.000
3144, 3340.000
14848, 14182.000
9304, 9390.000
13824, 13642.000
11066, 10644.000
4356, 4466.000
2454, 2603.000
10597, 10392.000
7010, 7346.000
2213, 2234.000
2397, 2395.000
17463, 17634.000
6027, 6501.000
6862, 6445.000
16302, 16564.000
14528, 13834.000
4445, 4588.000
9590, 10163.000
4196, 3926.000
3987, 3998.000
3255, 3314.000
2366, 2390.000
1908, 1856.000
6862, 6930.000
17876, 17224.000
8434, 8160.000
12398, 12400.000
13146, 12125.000
7241, 7655.000
10245, 10318.000
8251, 9013.000
14408, 13327.000
12226, 11594.000
7863, 7908.000
7454, 7858.000
11347, 10983.000
18026, 18153.000
6704, 6887.000
5557, 5399.000
994, 960.000
12929, 12768.000
5508, 5096.000
9751, 9668.000
9060, 8968.000
9733, 9286.000
8622, 8823.000
4630, 5024.000
3571, 3718.000
13068, 12738.000
8790, 9113.000
19516, 17931.000
11124, 10972.000
13158, 13488.000
1101, 1150.000
111, 102.000
339, 332.000
2813, 2796.000
18190, 16837.000
14222, 14485.000
5353, 5471.000
9621, 10015.000
6493, 6774.000
4467, 4878.000
6679, 6273.000
5774, 5822.000
11049, 11833.000
9456, 9377.000
16842, 16007.000
1375, 1336.000
10858, 10170.000
6612, 6281.000
10615, 11622.000
4826, 5176.000
19301, 20988.000
8773, 9063.000
13565, 13178.000
18381, 17630.000
16773, 17941.000
12709, 13622.000
16200, 15146.000
7100, 7554.000
12577, 12055.000
4912, 4613.000
17769, 16116.000
5066, 4613.000
19995, 21495.000
6905, 7256.000
13920, 14024.000
7374, 7120.000
14333, 15524.000
10674, 10670.000
12469, 11541.000
1280, 1208.000
11675, 11355.000
18402, 19585.000
10104, 9217.000
17611, 17452.000
2773, 2779.000
12590, 12244.000
13958, 15347.000
8410, 8243.000
7475, 7508.000
5395, 5097.000
19876, 18521.000
14509, 15819.000
9449, 8774.000
13159, 14418.000
12291, 12593.000
18594, 19647.000
8723, 8278.000
701, 652.000
1020, 980.000
11246, 11509.000
16407, 17117.000
3775, 3521.000
16115, 15894.000
3203, 3112.000
9607, 8734.000
9300, 8558.000
17110, 17881.000
3210, 3342.000
17662, 17426.000
19481, 17669.000
221, 221.000
4264, 3937.000
8576, 8743.000
9961, 9075.000
14505, 15538.000
6778, 7189.000
16508, 16607.000
3255, 3323.000
19430, 18143.000
4794, 5065.000
3147, 3040.000
2321, 2180.000
19499, 20323.000
9945, 10685.000
8399, 9099.000
11036, 10119.000
10774, 11468.000
9093, 9830.000
8119, 8643.000
5724, 5190.000
18770, 18158.000
13922, 13656.000
18839, 19054.000
14058, 15079.000
466, 506.000
14418, 14043.000
9298, 10122.000
2461, 2248.000
10997, 11989.000
6319, 6792.000
9714, 10086.000
8004, 7929.000
15554, 15029.000
10445, 10762.000
5227, 5739.000
9768, 9524.000
18251, 18379.000
17691, 19221.000
7229, 6865.000
5612, 6035.000
13419, 12226.000
6240, 6081.000
177, 169.000
18542, 19458.000
8873, 9604.000
9407, 8516.000
8473, 7692.000
2181, 2079.000
6933, 7280.000
4725, 5176.000
6098, 6580.000
14306, 13574.000
14728, 15025.000
6456, 6335.000
8738, 8897.000
6897, 7135.000
13094, 12044.000
9847, 10055.000
4283, 4408.000
18167, 17513.000
16476, 18039.000
19422, 20129.000
10488, 10923.000
15027, 14504.000
15715, 17026.000
6352, 6297.000
15197, 14642.000
14303, 15359.000
5245, 5263.000
7437, 7286.000
3194, 2944.000
2893, 3120.000
9941, 10587.000
1100, 1042.000
14566, 15535.000
8972, 9594.000
16161, 15226.000
13823, 13275.000
18629, 19585.000
13442, 13248.000
13665, 14114.000
14931, 14896.000
15075, 16452.000
3985, 3846.000
14750, 14234.000
7663, 7271.000
14456, 14993.000
8852, 8085.000
2766, 2524.000
8434, 9050.000
9956, 10053.000
7680, 7115.000
8108, 7578.000
6998, 7596.000
5329, 5306.000
8869, 9212.000
17186, 18251.000
16209, 16850.000
3254, 3302.000
4781, 4707.000
14592, 14857.000
16817, 18186.000
8752, 9095.000
9625, 8840.000
10787, 11764.000
221, 215.000
12201, 11866.000
15145, 16200.000
11185, 10481.000
2744, 2781.000
12275, 13203.000
5074, 4913.000
15993, 16875.000
5823, 5685.000
875, 930.000
15686, 14670.000
12214, 12566.000
13927, 12547.000
14744, 16109.000
4114, 4067.000
14186, 12956.000
5826, 5335.000
18058, 18266.000
2841, 2838.000
11460, 11759.000
10424, 11450.000
17181, 16208.000
18299, 18123.000
17404, 16836.000
8592, 8559.000
7478, 7075.000
466, 456.000
17524, 15966.000
12166, 12166.000
1602, 1449.000
2065, 2106.000
6838, 7391.000
3124, 3227.000
6779, 6685.000
19941, 20820.000
7354, 7730.000
19467, 19210.000
16804, 15569.000
694, 650.000
8318, 9142.000
13304, 13546.000
234, 256.000
15396, 16447.000
462, 496.000
11138, 11241.000
16931, 15964.000
16811, 15815.000
19291, 18435.000
16071, 15739.000
13776, 13879.000
19009, 18917.000
4197, 4171.000
17540, 18277.000
7996, 8504.000
12469, 13710.000
2004, 1999.000
1292, 1294.000
19451, 20384.000
3023, 3040.000
3480, 3220.000
5517, 6064.000
15534, 14218.000
3189, 3142.000
19342, 17658.000
16976, 15676.000
5116, 4988.000
11457, 11528.000
16379, 16862.000
5176, 4910.000
1336, 1407.000
2733, 2623.000
9744, 10573.000
5087, 5411.000
12863, 12321.000
17417, 17654.000
10630, 9667.000
15645, 14295.000
7896, 8003.000
449, 411.000
17569, 18780.000
579, 583.000
1844, 1662.000
17977, 19157.000
2543, 2513.000
12313, 12311.000
109, 111.000
10002, 9236.000
10120, 9191.000
13446, 14781.000
4552, 4367.000
15300, 14223.000
18861, 19190.000
14598, 15119.000
1397, 1425.000
16708, 18115.000
4810, 5212.000
2834, 2728.000
3243, 3005.000
3197, 2996.000
8373, 7701.000
11294, 10910.000
9966, 9781.000
5976, 5619.000
17614, 16210.000
19284, 19562.000
779, 825.000
566, 520.000
14975, 15474.000
13435, 14572.000
3128, 3066.000
11090, 11561.000
124, 116.000
6100, 5962.000
1814, 1665.000
5441, 5826.000
545, 574.000
17176, 17976.000
12176, 11581.000
13459, 12459.000
16152, 17492.000
17629, 18730.000
2203, 2358.000
5617, 5680.000
16690, 17287.000
17520, 16583.000
8022, 7465.000
19294, 19201.000
19883, 19806.000
16314, 15151.000
2601, 2500.000
10584, 10397.000
1096, 1167.000
19101, 19158.000
2151, 1999.000
18487, 19810.000
15609, 15571.000
15542, 15359.000
9485, 10264.000
4202, 3967.000
17465, 18341.000
10202, 10563.000
10467, 10481.000
9566, 9540.000
875, 893.000
2810, 2995.000
14231, 14799.000
1144, 1147.000
14716, 13871.000
2625, 2556.000
18727, 17325.000
247, 235.000
16902, 17922.000
1106, 1194.000
2453, 2384.000
19317, 20172.000
15432, 14688.000
9196, 9998.000
15826, 15401.000
12901, 12859.000
17232, 18889.000
13896, 14644.000
18901, 18870.000
276, 303.000
12819, 12151.000
1207, 1294.000
9667, 10467.000
11561, 10860.000
12753, 12040.000
9926, 10192.000
1831, 1928.000
11654, 11804.000
11636, 10697.000
8699, 8573.000
19096, 19125.000
16486, 16828.000
15151, 16636.000
4118, 4412.000
3127, 3439.000
3711, 3924.000
1472, 1453.000
13267, 14127.000
11568, 11868.000
13503, 13130.000
6095, 5521.000
16101, 17478.000
18998, 18248.000
12177, 11437.000
3183, 2990.000
12314, 11320.000
8744, 8768.000
2327, 2344.000
4954, 5240.000
6363, 6802.000
145, 154.000
19438, 18476.000
18807, 20286.000
12042, 12451.000
7873, 7184.000
591, 635.000
9685, 9875.000
17059, 17941.000
4662, 5009.000
11722, 12070.000
16655, 17680.000
15229, 14816.000
12408, 12464.000
12618, 12399.000
10951, 11973.000
2920, 3157.000
7670, 7041.000
725, 693.000
3596, 3652.000
17359, 15973.000
17515, 15830.000
18347, 18920.000
5110, 5293.000
6517, 6126.000
12989, 12811.000
5540, 5309.000
70, 63.000
2873, 3010.000
11418, 10942.000
3956, 4265.000
15113, 15408.000
1395, 1531.000
10010, 10782.000
19593, 20756.000
9651, 9089.000
3862, 4046.000
7202, 6818.000
13192, 12684.000
1254, 1210.000
4942, 5291.000
13565, 14880.000
7573, 7089.000
6058, 5534.000
2337, 2375.000
9762, 8944.000
4777, 5247.000
7476, 6971.000
16880, 16733.000
19187, 20948.000
19036, 17473.000
13153, 12052.000
5620, 5240.000
17977, 17428.000
3770, 3407.000
2969, 3240.000
5443, 5783.000
2475, 2618.000
5199, 5198.000
6158, 6565.000
10282, 10376.000
19301, 20666.000
5150, 4790.000
10492, 11236.000
17074, 17084.000
16755, 17154.000
13122, 13099.000
9577, 9449.000
13660, 14627.000
837, 828.000
10133, 10949.000
10147, 9165.000
15271, 15795.000
1338, 1269.000
12776, 13044.000
5638, 5259.000
6311, 5869.000
2935, 2810.000
11685, 12795.000
8214, 8649.000
15565, 16718.000
10990, 11375.000
16657, 18021.000
16126, 17074.000
18947, 19169.000
8506, 8845.000
13421, 12900.000
16185, 17177.000
7342, 6694.000
4383, 4791.000
5650, 5271.000
14727, 14498.000
1068, 970.000
19564, 18028.000
12914, 12257.000
7668, 7577.000
757, 732.000
5722, 6066.000
13532, 14076.000
9302, 9951.000
10044, 10142.000
16139, 16076.000
694, 709.000
16718, 18104.000
11021, 10387.000
4558, 4615.000
14722, 15895.000
14947, 15740.000
17102, 16809.000
3351, 3173.000
15323, 15721.000
15884, 15349.000
3904, 3898.000
873, 931.000
16663, 16319.000
18916, 18163.000
14460, 13895.000
9261, 9571.000
18372, 16535.000
12341, 13041.000
1975, 1812.000
7546, 7697.000
8908, 8746.000
7408, 7720.000
2560, 2328.000
10189, 9683.000
4307, 4409.000
1937, 1977.000
6303, 6068.000
13711, 13822.000
10133, 10688.000
17117, 16223.000
14678, 13504.000
11444, 11270.000
5419, 5615.000
12548, 13576.000
14945, 14954.000
1176, 1117.000
3428, 3510.000
12417, 12272.000
14007, 14207.000
13057, 13519.000
1325, 1242.000
16407, 17535.000
2088, 2295.000
2754, 2626.000
17388, 18348.000
16691, 16724.000
16926, 15243.000
4628, 4240.000
13374, 12331.000
19054, 17792.000
19230, 20437.000
7452, 6930.000
5182, 4978.000
7530, 7331.000
6662, 6446.000
13641, 13826.000
11391, 11818.000
4914, 4555.000
3822, 3898.000
16020, 14778.000
8238, 8696.000
11676, 11898.000
18281, 19307.000
9312, 9461.000
9651, 9973.000
1288, 1357.000
17091, 17539.000
11609, 12570.000
18542, 17460.000
15039, 14865.000
8353, 8316.000
17431, 18937.000
12155, 11989.000
13782, 12438.000
7206, 7880.000
3705, 4048.000
15312, 15936.000
14410, 14380.000
1098, 1036.000
4556, 4995.000
13212, 12709.000
16676, 16140.000
12162, 11113.000
1092, 1177.000
808, 774.000
6132, 6409.000
4413, 4510.000
17791, 17640.000
13463, 13586.000
18584, 19709.000
7779, 7659.000
11687, 10587.000
11206, 11173.000
5843, 5357.000
16598, 16135.000
18797, 18955.000
17166, 17872.000
10391, 10671.000
658, 595.000
12624, 12788.000
14559, 14642.000
12606, 13155.000
11822, 12327.000
5270, 4804.000
5669, 5676.000
1418, 1512.000
16729, 17616.000
1072, 1025.000
2501, 2439.000
15114, 15284.000
12256, 11325.000
4119, 4409.000
10909, 10534.000
14486, 14153.000
10948, 9884.000
3539, 3311.000
7913, 8477.000
9839, 10674.000
646, 666.000
11408, 11945.000
18426, 19969.000
3778, 3425.000
10461, 9498.000
6952, 6763.000
11519, 11765.000
1316, 1252.000
15516, 16627.000
8638, 8728.000
14717, 13338.000
8244, 8676.000
399, 438.000
16735, 15160.000
6008, 6214.000
14621, 13733.000
13787, 14877.000
8736, 8319.000
6474, 5844.000
6131, 6003.000
10211, 10419.000
14020, 13756.000
11432, 12327.000
4659, 4761.000
4959, 4786.000
19509, 17934.000
12130, 12358.000
14277, 15642.000
11396, 12069.000
19080, 20852.000
8770, 8698.000
15995, 15387.000
8609, 9147.000
10556, 9856.000
2249, 2189.000
16049, 17139.000
2717, 2966.000
11384, 10975.000
54, 51.000
6988, 7001.000
10620, 10703.000
13233, 12183.000
11008, 11535.000
1373, 1377.000
12057, 12065.000
9667, 9799.000
16249, 14630.000
4605, 4427.000
9579, 9084.000
17973, 18208.000
9963, 9639.000
17520, 19036.000
1, 1.000
18840, 17013.000
8732, 9359.000
18180, 18992.000
12584, 11470.000
3878, 4079.000
18859, 17443.000
13905, 13877.000
1537, 1521.000
12452, 12553.000
9170, 9526.000
18712, 17167.000
15501, 15910.000
3074, 2928.000
17572, 18412.000
6917, 6230.000
195, 191.000
19511, 17767.000
13581, 14399.000
19054, 20192.000
1430, 1336.000
9415, 9965.000
17655, 18732.000
18931, 19385.000
18129, 17033.000
639, 672.000
19073, 18893.000
10590, 11129.000
19644, 19187.000
17461, 18242.000
15495, 14627.000
15682, 14525.000
14774, 15872.000
5962, 5669.000
10879, 10356.000
8414, 9214.000
18842, 18858.000
1513, 1516.000
14807, 15308.000
10809, 10505.000
10204, 9319.000
3559, 3602.000
826, 862.000
5828, 5498.000
15275, 16308.000
13283, 12785.000
7818, 8409.000
19677, 19704.000
9550, 8703.000
16068, 16842.000
11268, 11524.000
6600, 6731.000
73, 73.000
7904, 7779.000
13633, 13221.000
18902, 19409.000
17239, 17945.000
8945, 9218.000
5681, 5202.000
1247, 1257.000
12334, 12165.000
15167, 14820.000
17663, 17988.000
649, 673.000
15712, 15348.000
17083, 18514.000
18002, 18209.000
4928, 4969.000
11030, 10919.000
7391, 7951.000
18087, 16640.000