100, 3190802
3882, 1491.000
1298, 399.000
654, 77.000
2638, 969.000
20670, 8485.000
610, 55.000
4908, 1904.000
2106, 703.000
2014, 657.000
2564, 932.000
3302, 1201.000
4494, 1697.000
1424, 462.000
3302, 1201.000
267364, 111632.000
21988, 9044.000
352660, 147380.000
76604, 31852.000
21988, 9044.000
22700, 9300.000
21020, 8660.000
418068, 174684.000
47788, 19844.000
21988, 9044.000
4370, 1635.000
150476, 62788.000
16964, 6932.000
15516, 6308.000
600, 50.000
11300, 4600.000
1351508, 565204.000
18226, 7463.000
7476, 2988.000
21988, 9044.000
21988, 9044.000
9980, 4040.000
329764, 137732.000
17400, 7150.000
22700, 9300.000
854, 177.000
1244, 372.000
1498, 499.000
36516, 15108.000
26916, 11108.000
6236, 2468.000
3166, 1133.000
3880, 1490.000
2430, 865.000
6236, 2468.000
6236, 2468.000
14648, 5974.000
14644, 5972.000
23164, 9532.000
4844, 1872.000
9828, 3964.000
7098, 2799.000
1261916, 527708.000
17724, 7212.000
7504, 3002.000
50708, 21004.000
114556, 47728.000
1351508, 565204.000
240900, 100600.000
284740, 118920.000
7144, 2822.000
1924, 612.000
15548, 6324.000
23116, 9508.000
22636, 9268.000
28172, 11636.000
504116, 210708.000
5204588, 2176944.000
2560, 930.000
11062, 4481.000
600, 50.000
724, 112.000
34968, 14434.000
500, 0.000
996, 248.000
596, 48.000
2340, 820.000
1056, 278.000
1986, 643.000
3726, 1413.000
3716, 1408.000
500, 0.000
6662, 2581.000
1074, 287.000
5180, 2040.000
1078, 289.000
3660, 1380.000
1244, 372.000
500, 0.000
1444, 472.000
1220, 360.000
500, 0.000
1944, 622.000
8708, 3504.000
14548, 5924.000
7068, 2784.000