200, 100000
90000, 90001.000
89750, 89751.000
10001, 10002.000
89500, 89501.000
10252, 10254.000
89250, 89251.000
10503, 10506.000
89000, 89001.000
10754, 10758.000
88750, 88751.000
11005, 11010.000
88500, 88501.000
11256, 11262.000
88250, 88251.000
11507, 11514.000
88000, 88001.000
11758, 11766.000
87750, 87751.000
12009, 12018.000
87500, 87501.000
12260, 12270.000
87250, 87251.000
12511, 12522.000
87000, 87001.000
12762, 12774.000
86750, 86751.000
13013, 13026.000
86500, 86501.000
13264, 13278.000
86250, 86251.000
13515, 13530.000
86000, 86001.000
13766, 13782.000
85750, 85751.000
14017, 14034.000
85500, 85501.000
14268, 14286.000
85250, 85251.000
14519, 14538.000
85000, 85001.000
14770, 14790.000
84750, 84751.000
15021, 15042.000
84500, 84501.000
15272, 15294.000
84250, 84251.000
15523, 15546.000
84000, 84001.000
15774, 15798.000
83750, 83751.000
16025, 16050.000
83500, 83501.000
16276, 16302.000
83250, 83251.000
16527, 16554.000
83000, 83001.000
16778, 16806.000
82750, 82751.000
17029, 17058.000
82500, 82501.000
17280, 17310.000
82250, 82251.000
17531, 17562.000
82000, 82001.000
17782, 17814.000
81750, 81751.000
18033, 18066.000
81500, 81501.000
18284, 18318.000
81250, 81251.000
18535, 18570.000
81000, 81001.000
18786, 18822.000
80750, 80751.000
19037, 19074.000
80500, 80501.000
19288, 19326.000
80250, 80251.000
19539, 19578.000
80000, 80001.000
19790, 19830.000
79750, 79751.000
20041, 20082.000
79500, 79501.000
20292, 20334.000
79250, 79251.000
20543, 20586.000
79000, 79001.000
20794, 20838.000
78750, 78751.000
21045, 21090.000
78500, 78501.000
21296, 21342.000
78250, 78251.000
21547, 21594.000
78000, 78001.000
21798, 21846.000
77750, 77751.000
22049, 22098.000
77500, 77501.000
22300, 22350.000
77250, 77251.000
22551, 22602.000
77000, 77001.000
22802, 22854.000
76750, 76751.000
23053, 23106.000
76500, 76501.000
23304, 23358.000
76250, 76251.000
23555, 23610.000
76000, 76001.000
23806, 23862.000
75750, 75751.000
24057, 24114.000
75500, 75501.000
24308, 24366.000
75250, 75251.000
24559, 24618.000
75000, 75001.000
24810, 24870.000
74750, 74751.000
25061, 25122.000
74500, 74501.000
25312, 25374.000
74250, 74251.000
25563, 25626.000
74000, 74001.000
25814, 25878.000
73750, 73751.000
26065, 26130.000
73500, 73501.000
26316, 26382.000
73250, 73251.000
26567, 26634.000
73000, 73001.000
26818, 26886.000
72750, 72751.000
27069, 27138.000
72500, 72501.000
27320, 27390.000
72250, 72251.000
27571, 27642.000
72000, 72001.000
27822, 27894.000
71750, 71751.000
28073, 28146.000
71500, 71501.000
28324, 28398.000
71250, 71251.000
28575, 28650.000
71000, 71001.000
28826, 28902.000
70750, 70751.000
29077, 29154.000
70500, 70501.000
29328, 29406.000
70250, 70251.000
29579, 29658.000
70000, 70001.000
29830, 29910.000
69750, 69751.000
30081, 30162.000
69500, 69501.000
30332, 30414.000
69250, 69251.000
30583, 30666.000
69000, 69001.000
30834, 30918.000
68750, 68751.000
31085, 31170.000
68500, 68501.000
31336, 31422.000
68250, 68251.000
31587, 31674.000
68000, 68001.000
31838, 31926.000
67750, 67751.000
32089, 32178.000
67500, 67501.000
32340, 32430.000
67250, 67251.000
32591, 32682.000
67000, 67001.000
32842, 32934.000
66750, 66751.000
33093, 33186.000
66500, 66501.000
33344, 33438.000
66250, 66251.000
33595, 33690.000
66000, 66001.000
33846, 33942.000
65750, 65751.000
34097, 34194.000
65500, 65501.000
34348, 34446.000
65250, 65251.000
34599, 34698.000
68450, 68451.000