300, 4040184
76620, 31860.000
28868, 11884.000
25484, 10492.000
2502, 901.000
104660, 43580.000
21908, 9004.000
16500, 6700.000
71980, 29940.000
18268, 7484.000
14564, 5932.000
19300, 7900.000
16028, 6564.000
16092, 6596.000
19844, 8172.000
13148, 5324.000
20572, 8436.000
17964, 7332.000
17044, 6972.000
18636, 7668.000
15948, 6524.000
15388, 6244.000
1970, 635.000
13292, 5396.000
32892, 13596.000
122676, 51188.000
33068, 13684.000
20892, 8596.000
375380, 156840.000
19300, 7900.000
15820, 6460.000
34164, 14132.000
12260, 4980.000
12932, 5216.000
15452, 6276.000
2102, 701.000
7868, 3084.000
16948, 6924.000
13500, 5500.000
7996, 3148.000
114788, 47844.000
542788, 226844.000
61996, 25748.000
17124, 7012.000
8580, 3440.000
37660, 15580.000
1128, 314.000
7204, 2852.000
37500, 15500.000
22796, 9348.000
42836, 17768.000
39692, 16396.000
39980, 16540.000
944948, 395124.000
24692, 10196.000
16204, 6652.000
11996, 4848.000
178244, 74372.000
11212, 4556.000
12100, 4900.000
8716, 3508.000
9540, 3820.000
13420, 5460.000
40028, 16564.000
9692, 3896.000
9564, 3832.000
21924, 9012.000
10956, 4428.000
138492, 57796.000
29204, 12052.000
17204, 7052.000
205628, 85864.000
12436, 5068.000
25468, 10484.000
11132, 4516.000
9140, 3620.000
43604, 18052.000
542, 21.000
38108, 15804.000
45940, 19020.000
408788, 170844.000
9364, 3732.000
7340, 2920.000
10340, 4120.000
16756, 6828.000
63204, 26252.000
28252, 11676.000
47932, 19916.000
156876, 65488.000
17644, 7172.000
9444, 3772.000
318036, 132868.000
20364, 8332.000
13116, 5308.000
9460, 3780.000
12916, 5208.000
136076, 56788.000
17644, 7172.000
19236, 7868.000
75524, 31412.000
22604, 9252.000
29652, 12276.000
9324, 3712.000
11132, 4516.000
253452, 105876.000
48468, 20084.000
27884, 11492.000
117684, 49092.000
199804, 83452.000
171044, 71372.000
159644, 66572.000
60836, 25268.000
154084, 64292.000
51156, 21228.000
40524, 16812.000
46420, 19260.000
18980, 7740.000
13964, 5632.000
8212, 3256.000
37660, 15580.000
11948, 4824.000
143100, 59700.000
35100, 14500.000
17716, 7208.000
14756, 6028.000
181332, 75716.000
53828, 22364.000
18572, 7636.000
15788, 6444.000
12884, 5192.000
18076, 7388.000
79612, 33156.000
7564, 3032.000
16156, 6628.000
17172, 7036.000
8100, 3200.000
17900, 7300.000
11004, 4452.000
63428, 26364.000
33972, 14036.000
40964, 16932.000
14276, 5788.000
168852, 70476.000
11204, 4552.000
81660, 33980.000
46500, 19300.000
95156, 39628.000
11068, 4484.000
131988, 55044.000
1848, 574.000
71188, 29644.000
23020, 9460.000
254468, 106284.000
1108, 304.000
8860, 3580.000
15516, 6308.000
25484, 10492.000
31140, 12820.000
34972, 14436.000
12388, 5044.000
3210, 1155.000
30236, 12468.000
10860, 4380.000
24052, 9876.000
21404, 8752.000
21052, 8676.000
102796, 42848.000
54988, 22844.000
15388, 6244.000
1128, 314.000
1128, 314.000
1128, 314.000
1128, 314.000
1128, 314.000
1128, 314.000
926660, 387480.000
1128, 314.000
1128, 314.000
1128, 314.000
1128, 314.000
1128, 314.000
38692, 15996.000
20444, 8372.000
156876, 65488.000
1108, 304.000
11812, 4756.000
12324, 5012.000
1108, 304.000
1128, 314.000
1128, 314.000
1128, 314.000
1128, 314.000
1128, 314.000
1128, 314.000
1128, 314.000
1108, 304.000
3316, 1208.000
114556, 47728.000
1128, 314.000
1128, 314.000
1128, 314.000
1128, 314.000
1128, 314.000
1128, 314.000
249172, 104036.000
12996, 5248.000
1124, 312.000
58836, 24468.000
18932, 7716.000
72460, 30180.000
11948, 4824.000
3140, 1120.000
27892, 11496.000
12132, 4916.000
34956, 14428.000
59996, 24948.000
98700, 41100.000
69084, 28692.000
2352, 826.000
7846, 3073.000
18868, 7684.000
13708, 5604.000
41476, 17188.000
83756, 34828.000
18380, 7540.000
19508, 8004.000
6796, 2648.000
12748, 5124.000
7892, 3096.000
398532, 166516.000
33212, 13756.000
24260, 9980.000
38660, 15980.000
22012, 9056.000
12404, 5052.000
20124, 8212.000
27028, 11164.000
31572, 13036.000
56892, 23596.000
5156, 2028.000
18468, 7584.000
14244, 5772.000
10348, 4124.000
13236, 5368.000
10828, 4364.000
13708, 5604.000
20700, 8500.000
18652, 7676.000
20972, 8636.000
11276, 4588.000
10404, 4152.000
12020, 4860.000
13468, 5484.000
20972, 8636.000
12780, 5140.000
565460, 236380.000
278900, 116500.000
87660, 36480.000
41036, 16968.000
12964, 5232.000
32060, 13280.000
330364, 138032.000
21988, 9044.000
53156, 22028.000
11564, 4632.000
31892, 13196.000
156708, 65404.000
69580, 28940.000
2430, 865.000
110276, 45988.000
2040, 670.000
11940, 4820.000
99212, 41356.000
95588, 39844.000
2494, 897.000
9956, 4028.000
19348, 7924.000
114612, 47756.000
112772, 47036.000
62316, 25908.000
11132, 4516.000
70820, 29460.000
19428, 7964.000
41028, 16964.000
53492, 22196.000
163380, 68140.000
193948, 80924.000
152700, 63700.000
50220, 20860.000
4464, 1682.000
40508, 16804.000
8090, 3195.000
144596, 60348.000
4902, 1901.000
161636, 67468.000
11844, 4772.000
27092, 11196.000
62172, 25836.000
119252, 49676.000
15276, 6188.000
37676, 15588.000