30, 100000
90001, 90000.000
89751, 89750.000
10002, 10001.000
89501, 89500.000
10254, 10252.000
89251, 89250.000
10506, 10503.000
89001, 89000.000
10758, 10754.000
88751, 88750.000
11010, 11005.000
88501, 88500.000
11262, 11256.000
88251, 88250.000
11514, 11507.000
88001, 88000.000
11766, 11758.000
87751, 87750.000
12018, 12009.000
87501, 87500.000
12270, 12260.000
87251, 87250.000
12522, 12511.000
87001, 87000.000
12774, 12762.000
86751, 86750.000
13026, 13013.000
86501, 86500.000
13278, 13264.000
86251, 86250.000