45, 58181
4990, 1945.000
1142, 321.000
7390, 2945.000
10372, 4136.000
3114, 1107.000
2744, 1022.000
3102, 1101.000
7280, 2890.000
112738, 47019.000
3960, 1530.000
8564, 3432.000
5630, 2165.000
4506, 1703.000
3112, 1106.000
1240, 370.000
2014, 657.000
2624, 962.000
3020, 1060.000
2310, 805.000
2078, 689.000
3926, 1513.000
9656, 3878.000
32708, 13504.000
4830, 1865.000
2034, 667.000
4766, 1833.000
40006, 16553.000
3422, 1261.000
6686, 2593.000
3240, 1170.000
2288, 794.000
2042, 671.000
18142, 7421.000
14718, 6009.000
4634, 1767.000
6744, 2622.000
2362, 831.000
2102, 701.000
12944, 5222.000
7872, 3086.000
2500, 900.000
7942, 3121.000
2958, 1029.000
126010, 52555.000
1278, 389.000