40, 100000
90000, 90001.000
89750, 89751.000
10001, 10002.000
89500, 89501.000
10252, 10254.000
89250, 89251.000
10503, 10506.000
89000, 89001.000
10754, 10758.000
88750, 88751.000
11005, 11010.000
88500, 88501.000
11256, 11262.000
88250, 88251.000
11507, 11514.000
88000, 88001.000
11758, 11766.000
87750, 87751.000
12009, 12018.000
87500, 87501.000
12260, 12270.000
87250, 87251.000
12511, 12522.000
87000, 87001.000
12762, 12774.000
86750, 86751.000
13013, 13026.000
86500, 86501.000
13264, 13278.000
86250, 86251.000
13515, 13530.000
86000, 86001.000
13766, 13782.000
85750, 85751.000
14017, 14034.000
85500, 85501.000
14268, 14286.000
85250, 85251.000
14519, 14538.000
86130, 86131.000