50, 5000
945, 995.000
242, 259.000
244, 258.000
281, 279.000
582, 576.000
119, 126.000
303, 280.000
913, 859.000
279, 270.000
408, 389.000
925, 927.000
305, 281.000
662, 624.000
938, 961.000
718, 757.000
250, 231.000
767, 838.000
158, 154.000
595, 649.000
268, 277.000
167, 180.000
957, 895.000
22, 23.000
948, 930.000
102, 93.000
62, 61.000
604, 626.000
349, 342.000
279, 262.000
221, 215.000
203, 183.000
889, 958.000
213, 205.000
835, 859.000
166, 171.000
575, 566.000
758, 779.000
706, 704.000
182, 196.000
28, 26.000
729, 726.000
671, 621.000
864, 800.000
579, 580.000
553, 535.000
632, 647.000
163, 168.000
95, 90.000
745, 679.000
438, 440.000