50, 341045
4912, 1906.000
99732, 41516.000
56554, 23527.000
1818, 559.000
108372, 45136.000
6750, 2625.000
1484, 492.000
3072, 1086.000
13532, 5516.000
12050, 4875.000
18440, 7570.000
10972, 4436.000
1940, 620.000
122094, 50897.000
5558, 2129.000
10630, 4265.000
2112, 706.000
6942, 2721.000
39888, 16494.000
71276, 29688.000
8466, 3383.000
5662, 2181.000
231302, 96601.000
4690, 1795.000
18324, 7512.000
3384, 1242.000
7278, 2889.000
5566, 2133.000
706, 103.000
10992, 4446.000
27552, 11326.000
7548, 3024.000
934, 217.000
32038, 13269.000
1062, 281.000
184848, 77174.000
2604, 952.000
37644, 15572.000
1832, 566.000
10306, 4103.000
1126, 313.000
34886, 14393.000
3526, 1313.000
1196, 348.000
1338, 419.000
992, 246.000
1390, 445.000
56804, 23552.000
56804, 23552.000
634, 67.000