500, 50000
412, 384.000
7285, 7060.000
8103, 8475.000
4876, 5028.000
9369, 9741.000
3538, 3360.000
1394, 1426.000
2204, 2084.000
5362, 4865.000
1779, 1885.000
8376, 8191.000
6460, 6296.000
3193, 3292.000
9957, 10227.000
5513, 5744.000
2365, 2163.000
9786, 10738.000
4865, 5099.000
9406, 9193.000
7455, 7777.000
8090, 8538.000
9224, 9597.000
1257, 1275.000
5831, 6317.000
7177, 7598.000
2297, 2241.000
1271, 1398.000
4216, 4083.000
5634, 6033.000
1560, 1694.000
6878, 7563.000
12, 12.000
6872, 7406.000
7142, 7679.000
6945, 6619.000
8778, 9222.000
1785, 1869.000
7485, 6809.000
5033, 4961.000
2719, 2616.000
6156, 6406.000
1826, 1703.000
6795, 6415.000
4790, 4898.000
7620, 7601.000
1971, 2145.000
6310, 6559.000
1874, 1691.000
8092, 8734.000
9321, 9570.000
7955, 7649.000
1, 0.000
5146, 5652.000
517, 475.000
8341, 8789.000
1400, 1366.000
3230, 3325.000
5443, 5487.000
7097, 7316.000
9979, 10232.000
1873, 1788.000
9259, 9179.000
3940, 3790.000
8611, 7820.000
4552, 4462.000
893, 832.000
7209, 6798.000
5319, 5467.000
6065, 5573.000
5010, 5489.000
8770, 8246.000
2918, 2815.000
8355, 8766.000
7760, 7043.000
8052, 8834.000
8969, 8549.000
6415, 6511.000
9812, 9253.000
861, 831.000
4755, 4587.000
210, 202.000
950, 1022.000
823, 867.000
2194, 1989.000
2594, 2813.000
1642, 1711.000
9828, 9343.000
2029, 1840.000
2575, 2772.000
5564, 6035.000
9345, 8815.000
8485, 9329.000
353, 354.000
3792, 3488.000
2645, 2701.000
102, 102.000
4046, 3711.000
9897, 10505.000
9201, 8471.000
3157, 3406.000
9442, 10171.000
7425, 6862.000
3887, 3747.000
7137, 7132.000
7590, 7386.000
3179, 3073.000
8244, 7566.000
2467, 2269.000
7291, 7134.000
7078, 7750.000
8991, 8126.000
1824, 1803.000
8894, 8229.000
9514, 9725.000
1498, 1468.000
771, 844.000
2868, 2939.000
7210, 7538.000
406, 380.000
9845, 10182.000
188, 176.000
8977, 8874.000
5808, 5461.000
7831, 7833.000
9122, 9668.000
3255, 3381.000
7808, 8534.000
9684, 10002.000
9703, 8881.000
3884, 3503.000
2742, 2774.000
6754, 6546.000
3227, 3368.000
2521, 2269.000
3149, 3229.000
6895, 6703.000
9718, 9740.000
1779, 1660.000
4906, 4724.000
9765, 10161.000
2712, 2460.000
1161, 1221.000
956, 893.000
3736, 3922.000
3854, 3837.000
4211, 4564.000
7195, 6844.000
7204, 7300.000
509, 550.000
3315, 3347.000
8090, 8141.000
7121, 7173.000
1366, 1386.000
2053, 2216.000
4310, 4182.000
6753, 6496.000
7923, 7540.000
7072, 6576.000
774, 745.000
9710, 10510.000
5494, 5294.000
6259, 6752.000
4235, 3818.000
6462, 6704.000
222, 212.000
5995, 6247.000
8543, 7948.000
2688, 2763.000
5186, 5698.000
2186, 2307.000
7303, 7426.000
5134, 5292.000
8645, 9295.000
2430, 2578.000
5571, 6097.000
3243, 2925.000
1123, 1223.000
8978, 8720.000
4139, 4240.000
4244, 4344.000
6864, 6250.000
7189, 6547.000
4641, 4989.000
753, 732.000
4445, 4440.000
8726, 7861.000
147, 147.000
3394, 3066.000
5044, 5265.000
7050, 6723.000
7655, 7443.000
6387, 6062.000
3529, 3793.000
6689, 6167.000
1918, 1965.000
1530, 1479.000
7624, 7177.000
3782, 3624.000
7203, 6602.000
9398, 9195.000
8091, 8667.000
4637, 4802.000
3035, 3317.000
9631, 10496.000
2467, 2441.000
7973, 8759.000
325, 320.000
3770, 3459.000
4396, 4805.000
5990, 6153.000
5513, 5076.000
6084, 6003.000
2027, 2143.000
3169, 2915.000
6074, 6150.000
4948, 5077.000
3361, 3335.000
8116, 8400.000
9158, 9711.000
1467, 1375.000
6150, 6421.000
8277, 8784.000
2946, 3085.000
228, 247.000
6208, 6182.000
7284, 7543.000
2048, 2056.000
1190, 1198.000
4380, 4033.000
2603, 2527.000
4618, 4158.000
2607, 2552.000
609, 668.000
8591, 7843.000
3670, 3986.000
8184, 8463.000
6242, 6382.000
3422, 3103.000
385, 397.000
9845, 10619.000
8106, 8138.000
8192, 8370.000
3974, 4321.000
4964, 4514.000
4063, 4041.000
6871, 6558.000
438, 397.000
2122, 1943.000
305, 319.000
8465, 8557.000
9695, 10517.000
8139, 7573.000
9433, 9981.000
8354, 8833.000
5944, 5854.000
3761, 3796.000
2109, 2043.000
7949, 7288.000
7744, 7280.000
2065, 2163.000
2264, 2469.000
5066, 5532.000
2387, 2318.000
6779, 7179.000
9284, 8381.000
5694, 5665.000
3303, 3544.000
2872, 3108.000
2801, 3050.000
6760, 7307.000
536, 528.000
8444, 8598.000
1404, 1282.000
1919, 1912.000
6018, 6096.000
2211, 2305.000
3723, 3787.000
6631, 7142.000
965, 950.000
7413, 7389.000
2941, 2823.000
1979, 2097.000
6576, 7066.000
3779, 3447.000
2493, 2727.000
8353, 7624.000
776, 764.000
4617, 4578.000
2653, 2503.000
7099, 7276.000
6991, 6643.000
2972, 2786.000
2349, 2422.000
6498, 6811.000
5951, 5584.000
9755, 10727.000
3987, 3882.000
9211, 9566.000
4126, 4396.000
8192, 8930.000
849, 831.000
4675, 4712.000
602, 657.000
3006, 2738.000
6708, 6995.000
5844, 5598.000
9020, 8939.000
6674, 6861.000
9952, 9795.000
2208, 2090.000
4726, 4661.000
3155, 3258.000
6999, 6520.000
3298, 3040.000
6758, 7137.000
8963, 8379.000
7553, 7682.000
5634, 5225.000
5459, 5653.000
6957, 6605.000
7939, 8226.000
8831, 7947.000
6956, 6663.000
8743, 9263.000
7914, 8527.000
116, 110.000
526, 486.000
863, 916.000
6030, 6285.000
8005, 8658.000
9516, 9627.000
752, 777.000
5569, 5208.000
7249, 7641.000
2726, 2961.000
252, 255.000
6447, 6656.000
9887, 10101.000
133, 124.000
7584, 8303.000
8318, 7576.000
2643, 2428.000
4090, 4008.000
2517, 2645.000
717, 756.000
4407, 3980.000
3236, 2950.000
9690, 9529.000
3814, 3644.000
276, 260.000
8345, 7840.000
4493, 4601.000
7117, 7423.000
1817, 1692.000
7465, 6957.000
3073, 2923.000
1792, 1677.000
1088, 1138.000
5247, 5317.000
9127, 9705.000
838, 840.000
1309, 1209.000
2369, 2481.000
8119, 7686.000
5554, 6022.000
8016, 8029.000
5101, 5418.000
613, 646.000
8848, 9511.000
2335, 2350.000
2444, 2544.000
7518, 6819.000
1044, 1055.000
7599, 7563.000
4369, 4530.000
2154, 2249.000
2095, 2244.000
3034, 2976.000
6184, 6533.000
1625, 1518.000
2603, 2484.000
6072, 6100.000
6297, 6326.000
7384, 7341.000
8748, 8751.000
7352, 7195.000
2548, 2487.000
7003, 6846.000
1102, 1049.000
3525, 3670.000
2691, 2538.000
5906, 5378.000
1403, 1530.000
8179, 8675.000
5421, 5411.000
342, 308.000
8884, 8138.000
4000, 3751.000
5535, 5392.000
7690, 8288.000
3797, 3425.000
6118, 6599.000
2050, 1855.000
8028, 8516.000
5379, 5331.000
7989, 8180.000
746, 708.000
1315, 1217.000
5983, 5753.000
3035, 2918.000
8675, 8370.000
9840, 9502.000
9793, 10584.000
6077, 6538.000
3780, 3678.000
5327, 5013.000
8415, 8374.000
1965, 2038.000
5741, 6129.000
6292, 6622.000
7366, 7569.000
963, 942.000
1194, 1259.000
3984, 4277.000
1021, 1121.000
5974, 6333.000
9647, 8989.000
8860, 9265.000
8231, 8344.000
3138, 3112.000
3355, 3347.000
1450, 1352.000
9502, 9712.000
2209, 2307.000
5095, 5520.000
9833, 10137.000
4634, 4583.000
4676, 4444.000
5990, 6024.000
2671, 2481.000
9498, 9522.000
9209, 9993.000
6004, 5687.000
414, 420.000
5480, 5365.000
836, 834.000
4745, 4767.000
2497, 2409.000
1847, 1897.000
9047, 8698.000
4405, 4612.000
3486, 3524.000
1173, 1156.000
5996, 6516.000
7139, 7741.000
9331, 8546.000
2219, 2349.000
6103, 6095.000
872, 835.000
666, 724.000
5114, 5288.000
6134, 5659.000
3042, 2847.000
9511, 9627.000
189, 189.000
1378, 1509.000
3963, 3609.000
3926, 3802.000
139, 134.000
6206, 5689.000
9077, 9097.000
5951, 6347.000
2835, 3007.000
3972, 4305.000
3228, 3155.000
3764, 4130.000
3631, 3904.000
2109, 1915.000
9897, 9014.000
8943, 8504.000
708, 651.000
8695, 8947.000
5900, 6239.000
8054, 8311.000
1422, 1412.000
7166, 6513.000
8159, 8244.000
8361, 8127.000
5782, 5552.000
4325, 4068.000
935, 1013.000
9984, 10274.000
3181, 2977.000
2876, 2751.000
9715, 10479.000
2159, 2260.000
5520, 5603.000
3065, 3074.000
9789, 9406.000
9939, 9416.000