60, 100000
90001, 90000.000
89751, 89750.000
10002, 10001.000
89501, 89500.000
10254, 10252.000
89251, 89250.000
10506, 10503.000
89001, 89000.000
10758, 10754.000
88751, 88750.000
11010, 11005.000
88501, 88500.000
11262, 11256.000
88251, 88250.000
11514, 11507.000
88001, 88000.000
11766, 11758.000
87751, 87750.000
12018, 12009.000
87501, 87500.000
12270, 12260.000
87251, 87250.000
12522, 12511.000
87001, 87000.000
12774, 12762.000
86751, 86750.000
13026, 13013.000
86501, 86500.000
13278, 13264.000
86251, 86250.000
13530, 13515.000
86001, 86000.000
13782, 13766.000
85751, 85750.000
14034, 14017.000
85501, 85500.000
14286, 14268.000
85251, 85250.000
14538, 14519.000
85001, 85000.000
14790, 14770.000
84751, 84750.000
15042, 15021.000
84501, 84500.000
15294, 15272.000
84251, 84250.000
15546, 15523.000
84001, 84000.000
15798, 15774.000
83751, 83750.000
16050, 16025.000
83501, 83500.000
16302, 16276.000
83251, 83250.000
16554, 16527.000
83001, 83000.000
16806, 16778.000
82751, 82750.000
17058, 17029.000
82501, 82500.000