82, 104723596
13211, 13211.000
26422, 26422.000
52844, 52844.000
105688, 105688.000
211376, 211376.000
422752, 422752.000
845504, 845504.000
1691008, 1691008.000
3382016, 3382016.000
6764032, 6764032.000
13528064, 13528064.000
27056128, 27056128.000
54112256, 54112256.000
13212, 13212.000
26424, 26424.000
52848, 52848.000
105696, 105696.000
211392, 211392.000
422784, 422784.000
845568, 845568.000
1691136, 1691136.000
3382272, 3382272.000
6764544, 6764544.000
13529088, 13529088.000
27058176, 27058176.000
54116352, 54116352.000
39638, 39638.000
79276, 79276.000
158552, 158552.000
317104, 317104.000
634208, 634208.000
1268416, 1268416.000
2536832, 2536832.000
5073664, 5073664.000
10147328, 10147328.000
20294656, 20294656.000
40589312, 40589312.000
81178624, 81178624.000
52844, 52844.000
105688, 105688.000
211376, 211376.000
422752, 422752.000
845504, 845504.000
1691008, 1691008.000
3382016, 3382016.000
6764032, 6764032.000
13528064, 13528064.000
27056128, 27056128.000
54112256, 54112256.000
66060, 66060.000
132120, 132120.000
264240, 264240.000
528480, 528480.000
1056960, 1056960.000
2113920, 2113920.000
4227840, 4227840.000
8455680, 8455680.000
16911360, 16911360.000
33822720, 33822720.000
67645440, 67645440.000
79268, 79268.000
158536, 158536.000
317072, 317072.000
634144, 634144.000
1268288, 1268288.000
2536576, 2536576.000
5073152, 5073152.000
10146304, 10146304.000
20292608, 20292608.000
40585216, 40585216.000
81170432, 81170432.000
92482, 92482.000
184964, 184964.000
369928, 369928.000
739856, 739856.000
1479712, 1479712.000
2959424, 2959424.000
5918848, 5918848.000
11837696, 11837696.000
23675392, 23675392.000
47350784, 47350784.000
94701568, 94701568.000